    13.771298149326900884     6.1582576586620154657     7.3548159616665289562      2.526704895404515927    0.50953760633372124911    -1.6085295863904975899    -2.2250762776917363261     1.6925425695720026642    -1.0843029860895245786    -1.7685318757924339828   -0.10851846874491477557
    6.1582576586620154657     2.7538534841991650914     3.2889311692228737627     1.1298934642602453948    0.22785534323315212446   -0.71930325937049710561   -0.99501099167416118263    0.75687223736331055157   -0.48487928269291596939   -0.79085318250981162524  -0.048527356245446635896
    7.3548159616665289562     3.2889311692228737627     3.9279752165287820098     1.3494333862817724512    0.27212796350036022597   -0.85906491519653360722     -1.188343055653949154    0.90393359954207852525   -0.57909202334448750538   -0.94451709110879999987  -0.057956291222967942778
     2.526704895404515927     1.1298934642602453948     1.3494333862817724512    0.46359011033198710416   0.093488003117486839777   -0.29512683091060137874   -0.40824844996671277864    0.31054121041066456987    -0.1989437475934718591   -0.32448343647705318871  -0.019910551877273811178
   0.50953760633372124911    0.22785534323315212446    0.27212796350036022597   0.093488003117486839777   0.018852875702279992681  -0.059515545032800425129    -0.0823277535749531858   0.062624022816599678176  -0.040119177007257401935  -0.065435624800571787207 -0.0040151799930340844463
   -1.6085295863904975899   -0.71930325937049710561   -0.85906491519653360722   -0.29512683091060137874  -0.059515545032800425129    0.18788115704401137096    0.25989568926860628917   -0.19769412947573369865    0.12664989275697385862    0.20656991198944152366   0.012675287816241184377
   -2.2250762776917363261   -0.99501099167416118263     -1.188343055653949154   -0.40824844996671277864    -0.0823277535749531858    0.25989568926860628917    0.35951327085228290681   -0.27346995756693764923    0.17519458412829683192    0.28574781262431292461   0.017533704366682650172
    1.6925425695720026642    0.75687223736331055157    0.90393359954207852525    0.31054121041066456987   0.062624022816599678176   -0.19769412947573369865   -0.27346995756693764923    0.20801963030285672285   -0.13326477593982369307   -0.21735899208383785419  -0.013337314023987958608
   -1.0843029860895245786   -0.48487928269291596939   -0.57909202334448750538    -0.1989437475934718591  -0.040119177007257401935    0.12664989275697385862    0.17519458412829683192   -0.13326477593982369307   0.085374156662211542201    0.13924790336559308979  0.0085443578688131818083
   -1.7685318757924339828   -0.79085318250981162524   -0.94451709110879999987   -0.32448343647705318871  -0.065435624800571787207    0.20656991198944152366    0.28574781262431292461   -0.21735899208383785419    0.13924790336559308979    0.22711765890035423565   0.013936113284784779065
  -0.10851846874491477557  -0.048527356245446635896  -0.057956291222967942778  -0.019910551877273811178 -0.0040151799930340844463   0.012675287816241184377   0.017533704366682650172  -0.013337314023987958608  0.0085443578688131818083   0.013936113284784779065 0.00085513057164597302325
