    13.770274274201476317     6.1589685433690464222     7.3551042875768217755     2.5296395442489401084    0.51068908484534447645    -1.6181727782345476374    -2.2064215218141423058     1.7033177483876607017    -1.0975829462325246144    -1.7921649265865169376   -0.11801826721361093064
    6.1589685433690464222     2.7546941159535536237       3.28968436200674752      1.131420483634127061     0.2284136064665851229   -0.72375284910297121854   -0.98685621474694751321    0.76183525634896154255   -0.49091098005572830765   -0.80157353351015336873  -0.052785498737184952112
    7.3551042875768217755       3.28968436200674752     3.9285752777257560986     1.3511541082944893422    0.27277390433695541949   -0.86431317940638308084    -1.1785139549254197711    0.90979158619542188635   -0.58625099784181089468   -0.95724745005819167343  -0.063036991559527480455
    2.5296395442489401084      1.131420483634127061     1.3511541082944893422    0.46470216180200590861   0.093815074276434207157   -0.29726305865368463088   -0.40532606843712498668    0.31290443799038653028   -0.20162918824970568754   -0.32922592374233167201   -0.02168029987947355311
   0.51068908484534447645     0.2284136064665851229    0.27277390433695541949   0.093815074276434207157   0.018939589450936957643  -0.060012107150724781912  -0.081828100538954298693   0.063169822532483224653  -0.040705335216414818833  -0.066464839263592992435 -0.0043768656802478456483
   -1.6181727782345476374   -0.72375284910297121854   -0.86431317940638308084   -0.29726305865368463088  -0.060012107150724781912    0.19015475567723619243     0.2592810551783671924   -0.20016031331260517034    0.12897919170538349465    0.21060092490257867337   0.013868565254162339845
   -2.2064215218141423058   -0.98685621474694751321    -1.1785139549254197711   -0.40532606843712498668  -0.081828100538954298693     0.2592810551783671924    0.35353659883487931204    -0.2729238985146121288    0.17586655039113574528    0.28715994946224504547   0.018910156730514614959
    1.7033177483876607017    0.76183525634896154255    0.90979158619542188635    0.31290443799038653028   0.063169822532483224653   -0.20016031331260517034    -0.2729238985146121288     0.2106923431008168035   -0.13576581522040084837   -0.22168231850049324727  -0.014598301034244155414
   -1.0975829462325246144   -0.49091098005572830765   -0.58625099784181089468   -0.20162918824970568754  -0.040705335216414818833    0.12897919170538349465    0.17586655039113574528   -0.13576581522040084837   0.087484700730866685192    0.14284752947460740979  0.0094068451258269552423
   -1.7921649265865169376   -0.80157353351015336873   -0.95724745005819167343   -0.32922592374233167201  -0.066464839263592992435    0.21060092490257867337    0.28715994946224504547   -0.22168231850049324727    0.14284752947460740979     0.2332455447241342239   0.015359766623748976472
  -0.11801826721361093064  -0.052785498737184952112  -0.063036991559527480455   -0.02168029987947355311 -0.0043768656802478456483   0.013868565254162339845   0.018910156730514614959  -0.014598301034244155414  0.0094068451258269552423   0.015359766623748976472  0.0010114766865753632707
