Q(1,:,:)=[ 0.0002233111037 -0.0002321418324 -1.678879548 1.884563131 0.3367568177 -2.36105848 0.8393129254 -0.9210694557 0.6812077128 -1.966133606 -0.7816006368 -1.111555186 1.078980554 0.3558322992 0.2685187673 0.5953089561 0.5188948806 1.001234004 -0.9215282575 -1.126602054;
 0.0002511570296 -0.0002578835077 0.1803601822 0.3452382899 1.422743008 -0.5517918204 -2.869025656 -3.056202538 -1.846738045 0.4628689129 -1.611405701 -0.3576072732 -0.5029948524 -0.752677775 -0.8630433647 0.5234318864 -1.903555228 -0.1486803544 -0.1256675823 -0.5885136532;
 0.0002337007916 -0.0002285174161 0.6736889919 -0.8560386263 0.2728456873 2.752123808 -0.8512170647 -0.3457976643 0.02001301053 -1.024970972 0.2998568376 -1.033258284 -2.564617831 -0.4026222292 0.1230972839 -0.7731823672 -0.2037175799 -0.4131803415 0.8741115766 -0.1730516776;
 0.0001781010626 -0.0001750144056 0.7364260908 -0.7607420424 -0.1966319649 -0.232976951 -0.5692129103 0.9690407292 -0.727421883 0.5494153032 0.931094145 -0.8903872902 -1.143302088 -0.3763406888 -0.05752788245 0.1456934148 -0.2228438296 -0.5429128132 -0.04855876128 0.5080578488;
 0.0001977478942 -0.0001958737671 0.3211125668 -0.4451676993 1.30920543 1.523694527 0.2764933068 -0.1729291438 -0.4847568007 -1.266625833 1.301495424 -0.01996303983 0.8898185762 -0.9814265799 -0.4271939997 1.521978143 -1.33122027 0.09138957211 -1.43912237 -1.725070994;
 0.0002188248884 -0.0002150025739 0.5454939111 -1.092362011 -0.3626591528 2.103614438 -0.08664905027 -0.6058743403 1.156218483 -0.5217360731 -0.2059114216 -0.4981078983 0.6241855073 -1.888955444 0.1491103676 1.385755696 2.286419083 1.712979112 -1.188419831 0.04086032519;
 0.0002335787259 -0.0002361627145 0.1095706336 -0.007535816887 0.190633513 0.2468544891 -1.2514208 -1.280422194 -2.350068449 -0.5712566214 -1.693452962 -0.07905411042 -0.279650008 -0.4570383201 -1.445259602 0.1588045844 0.1888868453 -1.098144986 -0.8042274553 -1.281513686;
 0.000273588276 -0.0002732046527 0.3939223792 -0.4649725971 0.2964729266 1.41405989 -0.8191345304 1.475838863 -0.390550654 0.9264762744 -2.431500548 -0.8968577488 1.012285872 -0.3641135411 -1.065530348 0.7189803115 -0.2168836903 0.6678715557 -0.7579823949 -1.23302755;
 0.0002475119002 -0.0002449279675 0.2225072902 -0.446579159 0.1268050496 1.113603374 -0.480260792 -0.01597797052 0.1872951368 -0.007865294462 0.915835513 0.1882249899 0.4751260093 0.4347892956 0.2981049837 1.16379622 0.5514729644 0.7487422383 -0.5397390012 -0.09078059875;
 0.0002835775123 -0.0002835282161 -0.196191865 0.09045460986 0.1901169197 1.364739603 -0.564515765 0.5179083376 1.226770916 -2.202557227 -0.1542733741 -0.1015742119 -1.820645672 0.09311201062 0.1842517095 -0.8787311767 0.08628721459 0.7673165204 -0.9195192353 -0.4210353836;
 0.0003985557185 -0.0003941911172 0.1379190407 -0.4123601527 -0.1503625902 0.8290738171 -1.543312542 0.8210371945 0.7783297435 -0.1331492945 1.998199238 0.2640186809 1.99862307 1.276832035 1.595959157 -0.3102907951 0.049339867 0.2480812663 -1.310632796 0.07844088689;
 0.0003323424515 -0.0003292101368 0.5067733488 -0.7471393296 0.0345892684 1.635677385 -0.8781896038 0.5675272469 0.1846970422 -1.24611374 -0.9912832346 -0.7196350486 -0.3256276642 1.819567679 0.01596316247 0.7967438108 0.2571145614 -1.064109311 0.6078803497 1.268247724;
 0.0002017762155 -0.0002013510921 -0.004744973129 -0.06228942811 -0.2496924744 -0.03387981124 0.4010263768 0.3216740063 1.149301276 0.5200114082 -0.6055564143 -0.6113588599 -0.6447725886 -0.6710925569 -0.5794519386 0.2491908277 -0.6508579058 2.333234501 0.3751891457 -0.3780395119;
 8.959911561e-05 -8.916013723e-05 0.03157142436 -0.006523703516 0.05655748779 -0.4109912039 0.5102199347 0.1865615887 1.187400633 0.1095413369 0.87970243 0.2198963705 0.219976685 0.9677989421 -0.7643213859 -0.887275066 2.498241325 -1.477443506 1.66413353 -3.278536497;
 0.0004538765164 -0.0004519452777 0.07247040691 -0.1632218301 0.1705781972 0.3929857466 -0.6331866222 0.1605280384 -1.260425685 -0.3153435221 -0.2644108236 -0.7887175461 -0.2066791243 -0.1133006188 -1.901005223 0.1560272898 1.058207861 0.5805178466 -2.208520696 2.935973612;
 0.000356237148 -0.0003563944556 -0.1817420203 0.1811476985 -0.2466051172 -0.2746277268 -0.04724500079 -0.1665459399 -0.644194823 -0.5627806299 0.7926614787 -0.001481750985 -0.3494915292 0.3416898912 0.3575598306 -1.618108396 3.067767202 -1.645217976 2.536533919 -5.9062164;
 0.0003543486021 -0.000352814123 0.02300801552 -0.08033300576 0.001850601777 -0.04728145075 0.3294582004 0.1672542814 0.9319947561 0.1118290919 0.8447541172 -0.7824307496 -1.143019007 -1.097050322 1.578392667 0.9910208227 -2.530401091 2.543291112 2.050788237 -6.35310807;
 8.293189479e-05 -8.548433703e-05 -0.1539624583 0.297944096 0.03764113799 -0.4383988288 -0.2903341719 0.6114139841 0.1709493804 0.01191650373 -0.5591708745 0.2313493922 -0.2112500172 -0.8905116226 0.8627968513 2.227633908 0.7173179763 -0.6979587635 -0.5415595597 2.388711514];
