D=np.array([[0.002918253378,7.43733557,3.841388102,5.700710069,10.20145493,-10.91326088,15.46437758,0.9038840282,11.73955824,5.745871267,10.24210797],
[7.43733557,29258.12017,9275.876111,14470.73615,28566.48104,-28627.33624,45826.16065,5247.323652,35828.48526,17225.64475,29212.94162],
[3.841388102,9275.876111,12002.99529,6455.352393,9251.594881,-10018.95095,15892.90511,-1123.89068,9033.916946,1511.679393,6647.106052],
[5.700710069,14470.73615,6455.352393,32395.02744,20031.45307,-18243.06907,38323.42698,6845.964169,32266.09344,21804.72697,33042.66425],
[10.20145493,28566.48104,9251.594881,20031.45307,60772.80628,-31173.53082,53714.27478,1037.591215,42622.31432,19422.09565,34283.75571],
[-10.91326088,-28627.33624,-10018.95095,-18243.06907,-31173.53082,63905.19691,-44853.51505,-9555.526321,-48151.87704,-29180.30579,-47482.04359],
[15.46437758,45826.16065,15892.90511,38323.42698,53714.27478,-44853.51505,122639.1697,22186.39419,60265.5974,31286.25578,54655.07403],
[0.9038840282,5247.323652,-1123.89068,6845.964169,1037.591215,-9555.526321,22186.39419,56027.7217,29692.61085,2853.453596,7615.094187],
[11.73955824,35828.48526,9033.916946,32266.09344,42622.31432,-48151.87704,60265.5974,29692.61085,126508.577,55467.02298,42397.83153],
[5.745871267,17225.64475,1511.679393,21804.72697,19422.09565,-29180.30579,31286.25578,2853.453596,55467.02298,116411.7519,66734.53108],
[10.24210797,29212.94162,6647.106052,33042.66425,34283.75571,-47482.04359,54655.07403,7615.094187,42397.83153,66734.53108,164645.9762]])
