G(1,:,:)=[ 0 0 0 0 0 0 0 0 0 0 0 0;
 0 -0.0008975977376 -0.1823009371 -0.2833391454 -0.02946221629 -0.4519621785 0.3153774584 -0.42241341 0.3398755762 -0.1956615835 0.1545675885 -0.09267404541;
 0 -0.1817932252 -99.76550139 -43.57624629 -4.760122181 -114.3430916 87.190475 -131.2147348 111.9632979 -66.76185233 55.85957004 -31.39891868;
 0 -0.282820397 -43.48575557 -132.9674382 10.59795766 -115.0287114 94.02238213 -91.29691852 60.51111031 -27.34269706 14.94093306 -11.27516212;
 0 -0.0298004038 -4.992546766 10.41922849 -81.72147966 -4.102958693 16.86694962 -59.15571375 89.24146729 -75.48746978 68.50095398 -31.55163221;
 0 -0.4506838108 -114.0972154 -115.0185225 -3.572134449 -303.5053266 178.0827522 -190.5457676 146.8311413 -46.43503209 26.07866708 -15.03674518;
 0 0.3139278445 86.78410855 93.91124287 16.29199845 177.8656166 -180.601165 143.6721479 -89.47748253 31.9271884 2.55815091 -13.51792741;
 0 -0.4224515185 -131.6338394 -91.72067108 -58.87071787 -191.7398151 145.1853884 -344.312191 279.1009697 -191.958492 182.6438787 -83.23789262;
 0 0.3409891509 112.7946843 61.12952345 89.30073604 148.4922471 -91.32479769 280.1773204 -335.9234492 232.7944168 -201.4892837 125.9395711;
 0 -0.1991412954 -68.44778141 -28.36193596 -76.35744997 -48.8625769 34.11967675 -195.427531 235.5191958 -291.5409866 238.1365215 -151.796682;
 0 0.1596995733 58.15580246 16.27226594 69.85861719 29.09004726 0.1762977635 187.6014441 -205.8672484 240.0758594 -302.7682674 183.6287747;
 0 -0.09873818944 -33.93547319 -12.70459436 -33.23424228 -18.08374494 -11.49008307 -88.95945571 131.4863032 -155.8926958 186.2582995 -215.4510151];
G(2,:,:)=[ 0 0 0 0 0 0 0 0 0 0 0 0;
 0 -2.44958518 -1220.549993 -693.0478082 109.0236866 -1590.406276 1126.446472 -1481.317651 1181.023235 -546.810024 386.439986 -174.055281;
 0 -1219.845597 27502.89906 -329910.3859 -33652.92888 -616950.8637 256890.3787 -426518.2214 384674.722 -210087.81 125307.6348 -53695.49366;
 0 -691.678352 -329501.5567 -176371.1132 274664.2738 -472287.4828 217193.0084 -446598.4609 208532.7215 -559.1811526 -22770.89057 -20736.5205;
 0 107.6092432 -34477.74817 274163.3391 -381281.8195 111518.1722 382271.3457 -451225.7725 85714.8997 -162778.1141 253040.5714 -128036.6239;
 0 -1587.039491 -616070.9929 -472375.8367 113390.5652 -1191381.714 862500.4727 -407451.5175 355052.3764 -277286.3666 6044.006952 46314.32077;
 0 1122.130973 255542.4174 216721.7479 380382.9195 862064.9446 -835075.2989 658163.1251 -41257.89473 -248660.7885 -52844.3731 -51916.24373;
 0 -1482.384563 -427472.5423 -447935.5161 -450376.3333 -411169.7698 663224.7331 -1393493.086 1243062.281 -275817.184 304180.5856 -289779.3704;
 0 1184.875238 386763.2929 210362.6403 85500.99345 359837.1717 -47062.61436 1246298.127 -1423798.592 978187.7054 -471455.396 -30471.07519;
 0 -557.6154263 -214662.847 -3433.202922 -165081.2202 -284328.278 -242307.0812 -286109.8204 987074.0455 -1330568.847 1307775.148 -341582.7868;
 0 401.1659291 131374.4666 -19252.0372 256745.5036 14333.7018 -59785.69731 317983.4876 -484505.6351 1313464.629 -1516899.322 1045670.369;
 0 -191.4348486 -60463.67879 -24558.37475 -132816.1891 38153.69194 -46206.85908 -306121.962 -14260.20304 -353957.545 1054665.776 -1292750.223];
G(3,:,:)=[ 0 0 0 0 0 0 0 0 0 0 0 0;
 0 -1.717549584 -193.6235057 -1015.851702 297.9362694 -525.6886125 472.3175349 -345.1553918 111.7313453 23.30188672 -5.515264499 -119.9944517;
 0 -193.368734 -65037.27606 52825.86241 138357.9013 -183583.6446 10485.06238 -173013.5581 82870.52617 -30635.26499 33040.81414 -69253.40589;
 0 -1015.448614 52980.78471 -775647.8157 286664.3441 20014.09008 200619.3615 -190729.0251 -87780.811 20935.21234 -120.1293881 -40262.09304;
 0 297.4642945 138177.2725 286583.9822 -467349.7241 34521.14498 165618.8928 180639.1743 48196.65624 -313669.0805 136539.5464 15776.59549;
 0 -524.4568706 -183380.3801 20152.88414 35116.01604 -691333.9012 193865.1614 -29282.48782 248686.9418 49805.2339 -216351.2712 -15945.67166;
 0 471.1438025 9953.791177 200559.1792 165085.8352 193623.7656 -406645.6193 49332.0127 92644.30597 196341.0982 -64069.27876 -178951.2842;
 0 -345.6366458 -173313.418 -191303.81 181111.8848 -30365.3667 50777.05213 -313160.6725 7480.836935 -58445.54961 489600.3893 -265972.6639;
 0 112.9649903 83515.68614 -87222.47581 47975.74696 250366.2647 91108.56477 8226.199127 -293651.263 112090.5714 -72688.55235 470917.2765;
 0 20.27623949 -32107.51666 20172.17677 -314702.9833 47549.15924 198528.8693 -61376.50185 114437.7617 -314898.8127 -56739.0608 93621.72479;
 0 -1.196813252 34985.85128 990.345196 137897.2567 -214017.7294 -66354.09363 494205.2803 -76282.84131 -55296.41814 -187608.9181 -148478.9611;
 0 -125.1560911 -71573.9242 -41443.99499 14177.38546 -18464.31257 -177331.5168 -271470.8769 476126.7245 90395.9352 -146528.5876 4293.093317];
G(4,:,:)=[ 0 0 0 0 0 0 0 0 0 0 0 0;
 0 -1.413263079 -413.6803588 -537.4801778 -1076.853673 136.6652306 836.9996519 -1909.1754 1614.768578 -967.9231602 866.2860119 -266.101909;
 0 -412.5855308 -67197.77856 187486.677 -189064.8217 -242066.9858 194071.3273 -766456.735 439133.1041 -174641.0351 198428.0377 -76604.61849;
 0 -536.3248199 187792.5533 -365354.059 -424229.5918 419109.5692 444935.8197 -568015.3278 177284.6663 -292560.6417 253892.5753 28686.422;
 0 -1078.278255 -189735.0537 -425166.2178 652912.3299 -760240.2873 -201710.303 416456.6427 535789.8696 -749256.0089 -8359.220121 132977.2419;
 0 140.587623 -241184.7062 419580.1775 -758890.8003 186669.5384 209736.2437 -1283710.729 1183066.526 88299.6589 -158515.1111 -147632.5749;
 0 832.7144058 192523.4834 444879.4626 -203235.2796 208421.3995 229194.6694 384944.7101 -890409.5286 683395.3188 202826.7319 -670483.35;
 0 -1910.025233 -767873.5422 -569828.6275 418014.4009 -1287432.471 388825.4773 -445329.7975 826338.1545 -1323469.969 1287468.036 40608.87404;
 0 1618.060171 441634.4758 178794.5384 535986.1671 1188510.56 -896015.2651 829030.512 -592380.9826 787280.2978 -1186374.623 973883.7168;
 0 -978.7235182 -179427.1115 -295344.4754 -752263.0073 80949.35373 690959.9709 -1333614.574 795098.2557 -283160.8332 594891.5758 -1056715.481;
 0 881.6265618 204714.9366 257637.2107 -4460.984209 -150430.8049 195271.6407 1302918.989 -1199550.548 599366.1335 -516772.9623 649227.3231;
 0 -284.6936531 -83552.59762 24503.13888 128935.4029 -156626.5385 -665185.6842 24130.83848 991303.7242 -1068749.957 657091.2408 -319341.4753];
G(5,:,:)=[ 0 0 0 0 0 0 0 0 0 0 0 0;
 0 -3.658219875 -923.4156662 -809.563353 -930.2162218 -2857.652988 2303.527207 -1234.368982 809.2675022 -237.3819787 188.6549155 -143.4576537;
 0 -922.4186826 -469609.0774 -120816.0501 129566.6711 -687261.6088 750002.4647 -566580.2647 93391.0827 -126697.0994 112021.5327 -72408.14119;
 0 -807.688703 -120356.5642 87139.95014 -716323.8139 -1060910.206 1016177.06 74174.84757 67031.25379 -144804.0856 -199942.4821 78221.06369;
 0 -932.5028587 128743.5107 -717388.8095 586885.2249 356460.9088 -720722.8062 -597953.1206 1046912.916 94142.58864 -210738.4572 -273299.9965;
 0 -2854.05235 -686120.9958 -1061473.174 358688.3355 -1877649.422 1436295.659 -743257.3088 -314475.7903 641102.4668 280468.3092 -475735.2332;
 0 2299.701466 748800.6482 1016677.871 -723518.1155 1436396.038 -807144.5629 642152.0735 -261073.222 -681284.1126 851994.8693 373100.1289;
 0 -1235.204551 -568040.5989 73185.19208 -596867.0792 -747957.6174 648385.4108 -1631939.287 1681257.844 -646899.6313 -305762.6582 787729.7849;
 0 813.2318399 95576.82849 68469.39094 1047864.645 -309100.1922 -268865.049 1685358.702 -1905951.266 1203469.162 -748475.9463 -698536.095;
 0 -249.1513137 -131599.2476 -148266.0825 91469.0299 634744.8795 -674575.041 -659775.5289 1214699.544 -1709576.966 1856056.961 -818415.5457;
 0 205.4511399 119001.4133 -195764.1266 -207384.6942 290005.2726 845781.25 -290098.817 -764431.3374 1863541.5 -2122647.315 1516297.64;
 0 -162.9317247 -80273.0635 73762.11138 -278589.4952 -485686.5226 378674.4813 770889.3676 -680052.6717 -834797.6802 1527583.152 -1958824.349];
