 1417245.1527216278482  5346124.7274004779756  6549214.6687418688089  8008368.3015552544966 -10039453.352225717157 -6128985.9528737086803 -13910046.843395203352 -7663613.8023323891684 -21567636.424068313092 -13893862.942497342825
 5346124.7274004779756   30192915.17481194064   36006920.81694188714  45336319.767542608082 -50863258.085665225983 -52899568.776957549155 -78312178.244335442781 -48317754.086877003312 -110011068.37255713344 -67621473.204484045506
 6549214.6687418688089   36006920.81694188714  44355619.480548530817  56124715.517028778791 -66733918.857112407684 -61923451.340677037835 -100136507.73774048686  -60400123.42562340945 -137138889.96144217253 -91276325.696888968349
 8008368.3015552544966  45336319.767542608082  56124715.517028778791  71687263.654623523355 -85784717.287984549999 -80662476.851443588734 -129850166.72705559433 -79394706.655787467957 -175615212.99228391051 -116529953.76175135374
-10039453.352225717157 -50863258.085665225983 -66733918.857112407684 -85784717.287984549999  113249906.25822225213  83878284.535423099995  163798042.61606860161  96142721.163110420108  216382470.92554977536  160127247.19692650437
-6128985.9528737086803 -52899568.776957549155 -61923451.340677037835 -80662476.851443588734  83878284.535423099995  117503529.52433893085  141717877.73291859031  95645142.440474107862  183994926.36411270499  104963480.51488645375
-13910046.843395203352 -78312178.244335442781 -100136507.73774048686 -129850166.72705559433  163798042.61606860161  141717877.73291859031  245784417.73241898417  150509788.27410030365  323526251.32220065594  225668782.67165178061
-7663613.8023323891684 -48317754.086877003312  -60400123.42562340945 -79394706.655787467957  96142721.163110420108  95645142.440474107862  150509788.27410030365  97132294.916012704372  197740209.83188229799   129599875.1676684916
-21567636.424068313092 -110011068.37255713344 -137138889.96144217253 -175615212.99228391051  216382470.92554977536  183994926.36411270499  323526251.32220065594  197740209.83188229799  450562103.12427669764  297025016.63881993294
-13893862.942497342825 -67621473.204484045506 -91276325.696888968349 -116529953.76175135374  160127247.19692650437  104963480.51488645375  225668782.67165178061   129599875.1676684916  297025016.63881993294  237538975.17611038685
