B=[ -65.59609311 189.9243338 -24.4236062 -13.49917395 -30.06505293 1.907969737 6.898409345 2.178991294 2.681862373 1.585231316 0.5382586596 0.6910946115 -1.954278677 2.682853329 2.422130954 -2.012415385 10.06056144 6.127153332;
 189.6812725 -593.1385758 75.75362084 41.64136719 94.07038684 2.491657255 -0.05932523868 -0.1398726239 0.04255579741 -0.3672613269 0.6660536518 -0.5075720823 0.3512318352 -1.707410869 -0.2535893211 0.5746102713 -3.505622542 -1.815916319;
 -24.39996641 75.75362084 -44.55034836 -8.927546952 3.808527759 0.1909330866 0.0008298878883 0.007276953875 -0.04090218696 0.1862284913 -1.099071379 0.3221428647 -0.5383418484 0.840136261 -0.704819429 0.4262615486 0.09447091161 0.1236170724;
 -13.37787 41.64136719 -8.927546952 -36.78766936 -8.654929114 -2.278906932 0.01358300532 0.04669884704 -0.1243187005 0.427260582 -0.9985562065 1.058995733 -0.9563022228 -0.2942421208 -0.1717072018 -0.6805949528 0.6822134943 0.04750382583;
 -29.98930214 94.07038684 3.808527759 -8.654929114 -262.2645887 43.19974393 0.04504957342 0.1104652921 -0.02302545841 0.6566400714 -0.2007735085 -1.476788959 -0.6153116477 0.7447000754 -3.927288945 -2.727826589 -1.554666088 5.096706691;
 -0.9438006041 2.491657255 0.1909330866 -2.278906932 43.19974393 -4230.923021 0.2528492818 0.03093226625 0.6039703901 0.101798564 -1.952188572 5.046776922 -5.542656389 -14.30476383 6.225530609 -26.62131244 15.5663387 -13.08195524;
 5.973285246 -0.1431552386 0.01151880007 0.01533280551 0.02432650302 0.2568546404 -8.362809119 -1.798469878 -3.511268144 -1.336041504 -1.025724334 -0.2308836392 1.105056718 -1.515394962 -1.59972626 2.815606202 -9.626039431 -5.000193084;
 1.097817226 -0.1794668717 0.01226142559 0.04768413597 0.1006260343 0.03283076934 -1.798469878 -11.15257864 2.197586214 -3.750584734 -0.2721260795 0.3592790831 0.4072886181 -1.064956296 0.4658976085 1.291707357 -6.203686637 -3.402059509;
 2.524766446 0.07597696617 -0.04810634143 -0.1176534084 -0.01767051605 0.6026044847 -3.511268144 2.197586214 -13.42810081 0.9912482927 1.335766387 -2.064561217 2.794955492 -1.240692041 -3.291716397 2.364136616 -4.956566478 -1.724972576;
 0.9315263831 -0.3302489965 0.1810820206 0.4276594911 0.6663437634 0.1004773204 -1.336041504 -3.750584734 0.9912482927 -41.6584793 -6.388924158 0.6532595005 -3.814145628 -6.548553616 -2.981848119 5.537493423 -8.839855638 -10.80195546;
 0.438020513 0.617898601 -1.10009286 -0.9798278807 -0.2232508203 -1.950011709 -1.025724334 -0.2721260795 1.335766387 -6.388924158 -258.4196092 -11.77826368 8.04929179 -31.91136862 18.16525464 -1.989340354 -30.07228403 -26.6254572;
 0.3176243489 -0.497284902 0.3198765796 1.060847681 -1.476516987 5.046277585 -0.2308836392 0.3592790831 -2.064561217 0.6532595005 -11.77826368 -450.2156552 -4.048947893 33.55251458 -26.86104798 1.272996378 16.8113966 -13.07185581;
 -0.894801283 0.3221663258 -0.5429006344 -0.9354631578 -0.6342227855 -5.541333828 1.105056718 0.4072886181 2.794955492 -3.814145628 8.04929179 -4.048947893 -470.8266128 -25.49335201 35.54005879 3.045445497 -19.15895645 12.71870575;
 1.453582702 -1.682501212 0.8474609668 -0.3210678356 0.7619536559 -14.30619038 -1.515394962 -1.064956296 -1.240692041 -6.548553616 -31.91136862 33.55251458 -25.49335201 -532.5000596 -10.17259674 43.66626596 -36.27887443 -27.68454501;
 1.108464284 -0.2674377449 -0.7056816483 -0.1647710252 -3.933567428 6.22581568 -1.59972626 0.4658976085 -3.291716397 -2.981848119 18.16525464 -26.86104798 35.54005879 -10.17259674 -601.6523084 -23.90717544 2.748818978 -0.9313913147;
 -1.922958187 0.6029418478 0.4257546569 -0.6887095955 -2.715449347 -26.62239339 2.815606202 1.291707357 2.364136616 5.537493423 -1.989340354 1.272996378 3.045445497 43.66626596 -23.90717544 -625.533188 61.13968865 2.829031644;
 7.105136297 -3.521738729 0.09758912043 0.6796999532 -1.559067759 15.56706727 -9.626039431 -6.203686637 -4.956566478 -8.839855638 -30.07228403 16.8113966 -19.15895645 -36.27887443 2.748818978 61.13968865 -841.5277838 -113.6714587;
 3.756599029 -1.817342038 0.1293282565 0.03305126535 5.097657358 -13.08229021 -5.000193084 -3.402059509 -1.724972576 -10.80195546 -26.6254572 -13.07185581 12.71870575 -27.68454501 -0.9313913147 2.829031644 -113.6714587 -727.67988];
