K=[ -0.3248022363 -0.3301210305 -0.3315494747 0.1788282519 -0.03005408218;
 0.002793345191 0.02306663723 0.003518052608 -0.1041901051 -0.01007235015;
 -3.902656056e-05 -0.001210754049 0.0002614811441 0.004645813065 0.0004168755119;
 -0.0006401199254 -0.007708727735 0.003646057109 0.02050047757 -0.0001514283693;
 -0.002120271504 -0.01821739357 -0.005986994676 0.05675336324 -0.03074715767;
 -0.01190347629 -0.00391211438 -0.06820753597 0.1546273935 0.09731436982;
 0.3937514863 0.2595211699 0.3752623826 -0.1551295584 0.02494228086;
 0.08467881008 1.85214137 0.4615816086 0.08059607241 0.09534734011;
 0.1653232145 -0.3837071907 1.308457938 0.06807726922 -0.2813778476;
 0.06290586371 0.6193261658 0.1550869283 -0.9470313641 2.774388062;
 0.04829486063 0.04040965231 -0.1375865283 -1.186605839 2.79520893;
 0.01087078771 -0.06104676461 0.1972133344 0.775085382 -1.741188874;
 -0.05203096775 -0.06258011095 -0.3437770926 -0.6787630803 0.6297025124;
 0.07135012056 0.1703500036 0.2088730229 -2.778026164 4.302086172;
 0.07532095018 -0.08556993259 0.3488395659 -0.917381751 -2.202264198;
 -0.1325705972 -0.2018186356 -0.3395844611 3.438009864 -3.631613985;
 0.4532281963 0.9883755185 0.9114407878 -12.08173269 -3.597862455;
 0.2354252498 0.5433762698 0.4046428472 -6.617695687 -0.6331882218];
