M=np.array([[0.515942564,0.000308639701,-6.328977309e-05,0.0005183916086,-0.0005718415008,0.004714449243,-0.6392656759,-0.02276342967,0.008847278786,-0.008719997719,-0.01338517772,0.007286622261,0.004984763972,0.002430843425,-0.01202078907,0.007446539629,-0.006157975043,-0.007862398857],
[0.000308639701,1.000000039,-1.481661493e-09,2.879081234e-09,-1.053847439e-08,3.070223721e-08,-0.4029472192,0.006725253624,-0.02939211823,0.01954546801,-0.01466689533,-0.01878867075,-0.003205713763,0.03307029677,-0.01614191745,0.01545226271,-0.004693801605,0.001923317437],
[-6.328977309e-05,-1.481661493e-09,1.000000021,-3.673844175e-09,5.94602514e-09,-2.054818319e-08,-0.0008714584997,0.202195801,-0.07932863455,0.1261719233,0.08956375917,-0.05611075228,0.1083561269,-0.01575253202,-0.0500723431,0.009198705702,0.01458730627,0.0004051755307],
[0.0005183916086,2.879081234e-09,-3.673844175e-09,1.00000011,1.851114464e-07,2.667149368e-07,0.002143332865,0.09835206428,0.06980651144,-0.01737493523,0.05764454753,-0.02447420818,0.04466550318,-0.02531199808,-0.02854917248,0.006611157986,-0.06268185628,0.01169265044],
[-0.0005718415008,-1.053847439e-08,5.94602514e-09,1.851114464e-07,1.000000966,1.719485179e-06,0.008248934338,-0.05632374813,0.2046443657,0.1119860222,0.05608642818,0.009132206212,0.01004909189,-0.03649498128,0.07067468857,0.006903789582,0.01559494948,0.004818039156],
[0.004714449243,3.070223721e-08,-2.054818319e-08,2.667149368e-07,1.719485179e-06,0.9999590642,-0.01033430695,-0.006337739861,-0.01727596117,0.01063336371,0.01491915047,0.01971189264,-0.004457861986,-0.003806471179,-0.01244251618,-0.003432016556,0.006910168865,0.001505800412],
[-0.6392656759,-0.4029472192,-0.0008714584997,0.002143332865,0.008248934338,-0.01033430695,0.9999999501,-5.900816473e-09,3.137075768e-08,1.488128091e-09,-1.003570879e-11,1.599047847e-08,1.306440241e-08,3.398533941e-08,4.654588068e-09,-6.754400764e-09,6.930919268e-09,1.107197355e-08],
[-0.02276342967,0.006725253624,0.202195801,0.09835206428,-0.05632374813,-0.006337739861,-5.900816473e-09,0.9999998573,-1.146569433e-08,1.477002219e-08,-4.973789279e-08,-3.066340494e-08,9.240441007e-09,2.098473857e-08,-8.312242729e-08,5.320490139e-08,5.497926125e-08,2.532962386e-08],
[0.008847278786,-0.02939211823,-0.07932863455,0.06980651144,0.2046443657,-0.01727596117,3.137075768e-08,-1.146569433e-08,1.000001161,1.182886988e-05,4.355313098e-06,-4.35011352e-05,-3.790327556e-05,1.549710685e-05,-2.253251379e-06,5.04049753e-05,-7.193462581e-06,4.496597711e-07],
[-0.008719997719,0.01954546801,0.1261719233,-0.01737493523,0.1119860222,0.01063336371,1.488128091e-09,1.477002219e-08,1.182886988e-05,0.9999542061,-6.527587603e-06,0.000220042492,0.0002698491709,0.0001025572212,3.823323411e-05,0.0001110445008,0.0002403608959,3.103815893e-05],
[-0.01338517772,-0.01466689533,0.08956375917,0.05764454753,0.05608642818,0.01491915047,-1.003570879e-11,-4.973789279e-08,4.355313098e-06,-6.527587603e-06,0.9999185016,0.0003371649267,0.0001951757819,-1.01360203e-05,-0.0001910564092,1.369735548e-05,-0.0001125289356,0.0003452322541],
[0.007286622261,-0.01878867075,-0.05611075228,-0.02447420818,0.009132206212,0.01971189264,1.599047847e-08,-3.066340494e-08,-4.35011352e-05,0.000220042492,0.0003371649267,0.9989686596,0.0001199317135,-0.0002699611013,0.0002032222906,-0.001028132009,-0.0005226113956,-0.0002644288001],
[0.004984763972,-0.003205713763,0.1083561269,0.04466550318,0.01004909189,-0.004457861986,1.306440241e-08,9.240441007e-09,-3.790327556e-05,0.0002698491709,0.0001951757819,0.0001199317135,1.001288808,0.000988329706,0.0005355644449,-0.001460744838,-0.00130050877,-0.001328090563],
[0.002430843425,0.03307029677,-0.01575253202,-0.02531199808,-0.03649498128,-0.003806471179,3.398533941e-08,2.098473857e-08,1.549710685e-05,0.0001025572212,-1.01360203e-05,-0.0002699611013,0.000988329706,0.9995536797,0.001324743188,-0.0004503725954,-0.001131179647,-0.001122172687],
[-0.01202078907,-0.01614191745,-0.0500723431,-0.02854917248,0.07067468857,-0.01244251618,4.654588068e-09,-8.312242729e-08,-2.253251379e-06,3.823323411e-05,-0.0001910564092,0.0002032222906,0.0005355644449,0.001324743188,0.9989397519,-0.0007207513419,7.819968389e-05,0.0008921502715],
[0.007446539629,0.01545226271,0.009198705702,0.006611157986,0.006903789582,-0.003432016556,-6.754400764e-09,5.320490139e-08,5.04049753e-05,0.0001110445008,1.369735548e-05,-0.001028132009,-0.001460744838,-0.0004503725954,-0.0007207513419,1.002526317,0.001009497134,0.001157202845],
[-0.006157975043,-0.004693801605,0.01458730627,-0.06268185628,0.01559494948,0.006910168865,6.930919268e-09,5.497926125e-08,-7.193462581e-06,0.0002403608959,-0.0001125289356,-0.0005226113956,-0.00130050877,-0.001131179647,7.819968389e-05,0.001009497134,1.001093024,0.0006249116839],
[-0.007862398857,0.001923317437,0.0004051755307,0.01169265044,0.004818039156,0.001505800412,1.107197355e-08,2.532962386e-08,4.496597711e-07,3.103815893e-05,0.0003452322541,-0.0002644288001,-0.001328090563,-0.001122172687,0.0008921502715,0.001157202845,0.0006249116839,0.9992689302]])
