    0.51594256396242810236  0.00030863970096485217288 -6.3289773089596961051e-05  0.00051839160862883254446 -0.00057184150075353620043    0.004714449243487861714    -0.63926567590973448763   -0.022763429667726958749   0.0088472787859981416592  -0.0087199977185138232566   -0.013385177718281756828   0.0072866222608555797358   0.0049847639718290162603    0.002430843425328796728    -0.01202078907282096501   0.0074465396287313745383  -0.0061579750430815977449  -0.0078623988570314870539
 0.00030863970096485217288      1.0000000389142600365 -1.4816614926684294924e-09  2.8790812336331123369e-09 -1.0538474386031623157e-08   3.070223721336415041e-08    -0.40294721923320819812   0.0067252536242730191762   -0.029392118230387526828    0.019545468010238962325    -0.01466689532794606364   -0.018788670745671535306  -0.0032057137632518937706    0.033070296773845035687   -0.016141917446746839593    0.015452262711422456998  -0.0046938016049899037099   0.0019233174365125963769
-6.3289773089596961051e-05 -1.4816614926684294924e-09      1.0000000205059957903 -3.6738441754383642512e-09  5.9460251403141878594e-09 -2.0548183187888883301e-08 -0.00087145849971857704177     0.20219580098343906127   -0.079328634553671256713     0.12617192328305476545    0.089563759165053338784   -0.056110752284099792153     0.10835612694369160802   -0.015752532018641875883   -0.050072343096617399905   0.0091987057020267021246    0.014587306265386814491  0.00040517553074892134366
 0.00051839160862883254446  2.8790812336331123369e-09 -3.6738441754383642512e-09      1.0000001104388067663  1.8511144643854320763e-07  2.6671493677947645399e-07   0.0021433328650099390741    0.098352064280158649212    0.069806511437682516874   -0.017374935231626809085    0.057644547532621180641   -0.024474208183042880232    0.044665503184575836015   -0.025311998076332050539   -0.028549172475230987639   0.0066111579861518419282   -0.062681856282405218339     0.01169265044452863847
-0.00057184150075353620043 -1.0538474386031623157e-08  5.9460251403141878594e-09  1.8511144643854320763e-07      1.0000009658207671404  1.7194851790021801921e-06   0.0082489343381351165618   -0.056323748128445635941     0.20464436565458929418     0.11198602223390720367    0.056086428180151623457    0.009132206211875160129    0.010049091894476801234   -0.036494981280960930858    0.070674688569497809421   0.0069037895816881841848    0.015594949483665200216   0.0048180391562126822017
   0.004714449243487861714   3.070223721336415041e-08 -2.0548183187888883301e-08  2.6671493677947645399e-07  1.7194851790021801921e-06     0.99995906416113367055    -0.01033430694718683214  -0.0063377398613253333251   -0.017275961168042013733    0.010633363708996817695    0.014919150473558370415    0.019711892640974490454  -0.0044578619864267749265  -0.0038064711788933316451   -0.012442516183759031248  -0.0034320165561569390515   0.0069101688646992388138   0.0015058004120139906971
   -0.63926567590973448763    -0.40294721923320819812 -0.00087145849971857704177   0.0021433328650099390741   0.0082489343381351165618    -0.01033430694718683214     0.99999995009149600378 -5.9008164731134971657e-09  3.1370757677587171375e-08  1.4881280909486879439e-09 -1.0035708787488275648e-11  1.5990478470215768809e-08   1.306440240622058311e-08  3.3985339414635870957e-08  4.6545880680840106841e-09  -6.754400764039590946e-09  6.9309192678017631208e-09  1.1071973547371728386e-08
  -0.022763429667726958749   0.0067252536242730191762     0.20219580098343906127    0.098352064280158649212   -0.056323748128445635941  -0.0063377398613253333251 -5.9008164731134971657e-09     0.99999985727294948834 -1.1465694327224146876e-08  1.4770022185262483383e-08 -4.9737892788689513466e-08 -3.0663404940980757337e-08  9.2404410071300788141e-09  2.0984738569797212224e-08 -8.3122427290845632204e-08  5.3204901386520460583e-08  5.4979261248258672547e-08   2.532962385580326347e-08
  0.0088472787859981416592   -0.029392118230387526828   -0.079328634553671256713    0.069806511437682516874     0.20464436565458929418   -0.017275961168042013733  3.1370757677587171375e-08 -1.1465694327224146876e-08      1.0000011607197285546  1.1828869882674406108e-05  4.3553130980322773708e-06 -4.3501135203580531847e-05 -3.7903275562974754703e-05  1.5497106853000471385e-05 -2.2532513788193405874e-06  5.0404975300020148348e-05 -7.1934625812089396615e-06  4.4965977114229574574e-07
 -0.0087199977185138232566    0.019545468010238962325     0.12617192328305476545   -0.017374935231626809085     0.11198602223390720367    0.010633363708996817695  1.4881280909486879439e-09  1.4770022185262483383e-08  1.1828869882674406108e-05      0.9999542060744359695 -6.5275876029898025784e-06  0.00022004249197677395425  0.00026984917090089419623  0.00010255722124840867347   3.823323410686027882e-05  0.00011104450076856039683  0.00024036089591909169097  3.1038158930605800798e-05
  -0.013385177718281756828    -0.01466689532794606364    0.089563759165053338784    0.057644547532621180641    0.056086428180151623457    0.014919150473558370415 -1.0035708787488275648e-11 -4.9737892788689513466e-08  4.3553130980322773708e-06 -6.5275876029898025784e-06     0.99991850162587525563  0.00033716492669844745677  0.00019517578193746989317 -1.0136020296543348722e-05 -0.00019105640922821820167  1.3697355481436050131e-05  -0.0001125289356338660964   0.0003452322540945191383
  0.0072866222608555797358   -0.018788670745671535306   -0.056110752284099792153   -0.024474208183042880232    0.009132206211875160129    0.019711892640974490454  1.5990478470215768809e-08 -3.0663404940980757337e-08 -4.3501135203580531847e-05  0.00022004249197677395425  0.00033716492669844745677     0.99896865956546931908  0.00011993171346644395216 -0.00026996110126659194012  0.00020322229059945701429  -0.0010281320088568982486 -0.00052261139563954779001 -0.00026442880007449074548
  0.0049847639718290162603  -0.0032057137632518937706     0.10835612694369160802    0.044665503184575836015    0.010049091894476801234  -0.0044578619864267749265   1.306440240622058311e-08  9.2404410071300788141e-09 -3.7903275562974754703e-05  0.00026984917090089419623  0.00019517578193746989317  0.00011993171346644395216      1.0012888080795190326   0.0009883297060429214239  0.00053556444485068470125  -0.0014607448381183626204  -0.0013005087701611257617  -0.0013280905627996654646
   0.002430843425328796728    0.033070296773845035687   -0.015752532018641875883   -0.025311998076332050539   -0.036494981280960930858  -0.0038064711788933316451  3.3985339414635870957e-08  2.0984738569797212224e-08  1.5497106853000471385e-05  0.00010255722124840867347 -1.0136020296543348722e-05 -0.00026996110126659194012   0.0009883297060429214239     0.99955367973296016526   0.0013247431882426373775 -0.00045037259537377658273  -0.0011311796474444846955  -0.0011221726868905579442
   -0.01202078907282096501   -0.016141917446746839593   -0.050072343096617399905   -0.028549172475230987639    0.070674688569497809421   -0.012442516183759031248  4.6545880680840106841e-09 -8.3122427290845632204e-08 -2.2532513788193405874e-06   3.823323410686027882e-05 -0.00019105640922821820167  0.00020322229059945701429  0.00053556444485068470125   0.0013247431882426373775     0.99893975192527750817  -0.0007207513418724044614  7.8199683890735411838e-05  0.00089215027149139747992
  0.0074465396287313745383    0.015452262711422456998   0.0091987057020267021246   0.0066111579861518419282   0.0069037895816881841848  -0.0034320165561569390515  -6.754400764039590946e-09  5.3204901386520460583e-08  5.0404975300020148348e-05  0.00011104450076856039683  1.3697355481436050131e-05  -0.0010281320088568982486  -0.0014607448381183626204 -0.00045037259537377658273  -0.0007207513418724044614      1.0025263168293196969   0.0010094971336677255845   0.0011572028452542589168
 -0.0061579750430815977449  -0.0046938016049899037099    0.014587306265386814491   -0.062681856282405218339    0.015594949483665200216   0.0069101688646992388138  6.9309192678017631208e-09  5.4979261248258672547e-08 -7.1934625812089396615e-06  0.00024036089591909169097  -0.0001125289356338660964 -0.00052261139563954779001  -0.0013005087701611257617  -0.0011311796474444846955  7.8199683890735411838e-05   0.0010094971336677255845      1.0010930241439721655   0.0006249116838790358874
 -0.0078623988570314870539   0.0019233174365125963769  0.00040517553074892134366     0.01169265044452863847   0.0048180391562126822017   0.0015058004120139906971  1.1071973547371728386e-08   2.532962385580326347e-08  4.4965977114229574574e-07  3.1038158930605800798e-05   0.0003452322540945191383 -0.00026442880007449074548  -0.0013280905627996654646  -0.0011221726868905579442  0.00089215027149139747992   0.0011572028452542589168   0.0006249116838790358874     0.99926893018525408952
