P=[ -0.0008816469937 -0.003319459103 0.0004178934576 0.0006899294817 0.001984050378 0.01198353079 -0.3936629536 -0.08502500962 -0.1650847487 -0.0630655509 -0.04827433658 -0.01076219923 0.0524265854 -0.07145091989 -0.0745888503 0.1323391741 -0.453401881 -0.2356344223;
 0.003403007994 -0.02081858622 -0.0004159660728 0.00749923479 0.0188125932 0.003415433529 -0.2597287382 -1.850551889 0.3825894777 -0.6186786269 -0.04035858125 0.0603617092 0.06097495928 -0.1698893805 0.08259525267 0.2028336515 -0.9875192953 -0.5425147313;
 -0.002644904845 -0.005230057505 0.001050996991 -0.003570355261 0.006174914709 0.07041468685 -0.3750920503 -0.4628741982 -1.307509315 -0.1557771393 0.1374840521 -0.1961017296 0.3451223843 -0.2082148398 -0.3466550007 0.3383985443 -0.911598381 -0.4052028169;
 1.807748683e-06 0.1037557822 -0.004321830596 -0.02020389875 -0.05835991194 -0.1589653023 0.1551142993 -0.08122042101 -0.06790101757 0.9474133726 1.187520084 -0.777019979 0.6784233625 2.77829953 0.9233012418 -3.43658307 12.07961898 6.617005416;
 -0.0008557996377 0.01074350797 -0.0004745361476 -3.507615336e-05 0.02857133393 -0.1136950388 -0.02486871616 -0.09363095521 0.2807239986 -2.774109136 -2.792325325 1.738139685 -0.6278421882 -4.301649393 2.194373058 3.631042994 3.601946148 0.6379268952];
