coeffL2=[ 4.743075488e-06 4.355211487e-06 7.229632925e-06 9.383681054e-06 1.080006757e-05 1.179387088e-05 1.257013311e-05 1.319815325e-05 1.373602067e-05 1.420629917e-05 1.462749788e-05;
 1.330544e-07 1.355968082e-06 2.719030946e-06 2.183879529e-06 1.298897504e-06 4.919184143e-07 -1.482561524e-07 -6.51297168e-07 -1.034535844e-06 -1.332554332e-06 -1.566655628e-06;
 3.47154711e-06 2.04411492e-06 1.391394879e-07 -6.919442992e-07 -8.553633614e-07 -7.412430558e-07 -5.288975754e-07 -2.837592419e-07 -3.785049798e-08 1.992073229e-07 4.226374691e-07;
 -5.068944458e-07 2.517346024e-07 6.086355889e-07 -3.078939088e-08 -4.055211582e-07 -4.522143643e-07 -3.171154154e-07 -1.180715308e-07 9.552700714e-08 2.956683535e-07 4.745579883e-07;
 1.90688395e-07 -3.556916564e-07 2.163649725e-08 2.381923082e-07 7.761554069e-08 -9.655739214e-08 -1.680663054e-07 -1.451110971e-07 -6.446897374e-08 5.191264256e-08 1.86602361e-07;
 -5.537239431e-08 1.186234116e-07 -1.258568412e-07 4.748903336e-08 8.86627524e-08 1.648157601e-08 -5.328554183e-08 -7.351118844e-08 -4.774806183e-08 8.531113174e-09 8.429521152e-08;
 2.972141021e-09 -1.099429706e-08 2.806732481e-08 -5.129750498e-08 1.735140909e-08 3.682259386e-08 7.653101146e-09 -2.316049559e-08 -3.010017325e-08 -1.027388239e-08 3.140911619e-08];
