  6.7969808423696482791   1.0625927411935562894  -4.7000501199402231478   4.1278731247323543485  -13.517644839816405522   4.4448337913148074918   1.7242857261766157961   1.9498065711804390965  -3.8396255849502853863  -4.1160991885493958264  -4.8960454197926148723
  1.0625927411935562894   0.5331930346068031179 -0.23640415705496733989  -1.2330271200588711622  -2.7976246369631487809 -0.53840864195691451322  0.33207493150149169914  -1.5076198072085700286  -1.2257043551538688853  -2.1574263490836975699 -0.57887037662899254453
 -4.7000501199402231478 -0.23640415705496733989   4.8407421817421685262   -6.284545791830597139   8.9758142066893782385  -3.7415496111392894107 -0.57284238022175004712  -3.3258196977907257263   2.7399390266244347814 -0.57014461974461849714   1.7997209358691836911
  4.1278731247323543485  -1.2330271200588711622   -6.284545791830597139   14.904930490090087858  -3.9162109276428296312   7.2071198670931497787 -0.29852262437582777199   9.9124043063676730014   2.5461403176399786119   8.7004683275578589274  0.52546490579066484905
 -13.517644839816405522  -2.7976246369631487809   8.9758142066893782385  -3.9162109276428296312    32.71920016195799974  -5.4052207304055377435   -1.108792789507341725 -0.77772845656331868192   13.243648437487225422   11.263071975505717148   6.7541829934423009973
  4.4448337913148074918 -0.53840864195691451322  -3.7415496111392894107   7.2071198670931497787  -5.4052207304055377435   15.089810300312874958  0.58629075019338994235   11.708695491856950355  -4.3173338368707367962  -2.7707615664769025265  -9.5960098603928702943
  1.7242857261766157961  0.33207493150149169914 -0.57284238022175004712 -0.29852262437582777199   -1.108792789507341725  0.58629075019338994235    8.684107106968673051  -6.5748995855088061546   6.4367272466062033232   2.9577068170456701779  -2.3627577829201720228
  1.9498065711804390965  -1.5076198072085700286  -3.3258196977907257263   9.9124043063676730014 -0.77772845656331868192   11.708695491856950355  -6.5748995855088061546   25.264236881514555932   -11.99306990655962224   3.3722399787239001334  -6.2605536204429350633
 -3.8396255849502853863  -1.2257043551538688853   2.7399390266244347814   2.5461403176399786119   13.243648437487225422  -4.3173338368707367962   6.4367272466062033232   -11.99306990655962224   43.604990120491137873   17.702889394143198842   12.894076450467778727
 -4.1160991885493958264  -2.1574263490836975699 -0.57014461974461849714   8.7004683275578589274   11.263071975505717148  -2.7707615664769025265   2.9577068170456701779   3.3722399787239001334   17.702889394143198842    52.78436329400345528   23.499022120672151459
 -4.8960454197926148723 -0.57887037662899254453   1.7997209358691836911  0.52546490579066484905   6.7541829934423009973  -9.5960098603928702943  -2.3627577829201720228  -6.2605536204429350633   12.894076450467778727   23.499022120672151459   50.064218483669819193
