D=np.array([[6.796980842,1.062592741,-4.70005012,4.127873125,-13.51764484,4.444833791,1.724285726,1.949806571,-3.839625585,-4.116099189,-4.89604542],
[1.062592741,0.5331930346,-0.2364041571,-1.23302712,-2.797624637,-0.538408642,0.3320749315,-1.507619807,-1.225704355,-2.157426349,-0.5788703766],
[-4.70005012,-0.2364041571,4.840742182,-6.284545792,8.975814207,-3.741549611,-0.5728423802,-3.325819698,2.739939027,-0.5701446197,1.799720936],
[4.127873125,-1.23302712,-6.284545792,14.90493049,-3.916210928,7.207119867,-0.2985226244,9.912404306,2.546140318,8.700468328,0.5254649058],
[-13.51764484,-2.797624637,8.975814207,-3.916210928,32.71920016,-5.40522073,-1.10879279,-0.7777284566,13.24364844,11.26307198,6.754182993],
[4.444833791,-0.538408642,-3.741549611,7.207119867,-5.40522073,15.0898103,0.5862907502,11.70869549,-4.317333837,-2.770761566,-9.59600986],
[1.724285726,0.3320749315,-0.5728423802,-0.2985226244,-1.10879279,0.5862907502,8.684107107,-6.574899586,6.436727247,2.957706817,-2.362757783],
[1.949806571,-1.507619807,-3.325819698,9.912404306,-0.7777284566,11.70869549,-6.574899586,25.26423688,-11.99306991,3.372239979,-6.26055362],
[-3.839625585,-1.225704355,2.739939027,2.546140318,13.24364844,-4.317333837,6.436727247,-11.99306991,43.60499012,17.70288939,12.89407645],
[-4.116099189,-2.157426349,-0.5701446197,8.700468328,11.26307198,-2.770761566,2.957706817,3.372239979,17.70288939,52.78436329,23.49902212],
[-4.89604542,-0.5788703766,1.799720936,0.5254649058,6.754182993,-9.59600986,-2.362757783,-6.26055362,12.89407645,23.49902212,50.06421848]])
