G(1,:,:)=[ -2.248759784 -0.9640319219 0.05583033257 -0.1265102816 0.0002227188278 0.04287473764 -0.01068239944 -0.1906157158 0.1792939939 -0.1075543433 -0.4345411734;
 -0.9641459456 -0.4199875079 0.02096462269 -0.07091388408 -0.07280436563 0.09167371995 0.03716297112 -0.1035355712 0.02958816133 -0.03135519932 -0.1371641627;
 0.05406180302 0.02079123255 -0.3029635129 -0.1501255406 -0.1407527189 0.07584635792 0.2217516777 -0.1782625088 -0.1386729094 0.1948785684 -0.1216627133;
 -0.126854623 -0.07135576944 -0.1468633419 -0.140139103 -0.06865054098 -0.1605443137 -0.3126353344 0.06512154623 0.06155641941 -0.1649848087 0.1014236263;
 -0.0005756146944 -0.07340919413 -0.1394534687 -0.0631965914 -0.5620060066 -0.09147251788 -0.218293635 0.02514500352 -0.07155334937 -0.1857029481 0.1780748905;
 0.04974683244 0.09453885494 0.07331638206 -0.1630750556 -0.09920192508 0.6990476411 0.08808674098 -0.04082708303 -0.2231836072 -0.1844479028 0.2774594648;
 -0.01315958373 0.03594199999 0.2220860225 -0.3123682063 -0.2169085206 0.08269094096 0.09925948628 -0.1216786299 -0.1733240815 5.269083281e-05 -0.1983408454;
 -0.186976183 -0.102598791 -0.1791564698 0.06976480101 0.0216045313 -0.03956474152 -0.1234197817 0.1285584984 0.04729681565 -0.1493691002 0.009988344796;
 0.1741158603 0.02628644527 -0.1342150051 0.065679937 -0.07501537066 -0.2271820413 -0.1774784316 0.0423105201 -0.01834277246 0.02151143517 -0.08637854241;
 -0.1118287478 -0.03219400744 0.1934251967 -0.1714640142 -0.1846486395 -0.1792911408 0.002518670083 -0.1481379442 0.0142413092 0.003766117387 -0.05585674104;
 -0.427627995 -0.135365408 -0.1184325293 0.1094230544 0.1695155923 0.2711976732 -0.1975851196 0.002658217077 -0.07637147868 -0.04616857946 -0.359627634];
G(2,:,:)=[ -0.3581416519 -0.1784526305 -0.252208404 0.01001432402 -0.04162026925 0.009287726721 -0.01235459074 -0.02045273194 -0.0008162589263 0.02589638668 -0.0552795695;
 -0.1783824823 -0.09034463401 -0.1070927687 0.00376713425 -0.04248197535 0.01551399418 -0.00497355413 -0.02550302592 -0.001050179318 0.01296825065 -0.01559587572;
 -0.2517295229 -0.1069924967 -0.01249939789 -0.04537292977 -0.01759846772 0.03534739849 0.02293834421 -0.04062513239 -0.002330161672 0.02671012169 -0.04433447252;
 0.009997989606 0.003820891791 -0.04510738994 0.01929692338 0.02117504361 0.01240083582 -0.02980064934 -0.008597879289 -0.03291353466 -0.01178307834 -0.008584529924;
 -0.04105762053 -0.04209452223 -0.01645861603 0.02161839723 -0.1665590059 -0.03942871 -0.06174765445 -0.05520044842 -0.04569121144 0.02012751917 -0.05197263794;
 0.01086964609 0.01615780439 0.03761010609 0.01272506389 -0.0409040383 0.1640176274 0.009950148475 -0.03617217203 -0.03435321882 0.01601532526 0.08567121536;
 -0.01222476247 -0.005254540253 0.02302772044 -0.02879333129 -0.06283595379 0.007964815402 -0.02833503014 -0.05469083287 -0.0377115111 0.002165480222 -0.05358776581;
 -0.02138585844 -0.02586282373 -0.03983463403 -0.00670658448 -0.05375593236 -0.03400871016 -0.05470873909 0.01477108075 -0.03528379643 0.03113718691 -0.03670033603;
 -0.003442442622 -0.002295667268 -0.002719192443 -0.03246228108 -0.04652718788 -0.03325954632 -0.03846879292 -0.03516999357 -0.03074934831 -0.1026368277 -0.04355897128;
 0.02624908436 0.01286636963 0.02719327412 -0.01172644873 0.01865862326 0.01410594641 0.001646524809 0.02957908246 -0.1031844267 0.07351195024 -0.07659575288;
 -0.05416445444 -0.01554308911 -0.04422647776 -0.0058557781 -0.05305345222 0.08564747377 -0.05470775789 -0.03552670818 -0.04381552766 -0.07605104078 -0.1205971556];
G(3,:,:)=[ 1.931983824 0.8295832917 -0.3685114357 0.06726650249 0.01628466701 0.02732700577 0.03215042634 0.1999004477 -0.1971515157 -0.0405193396 0.3325786156;
 0.8295381915 0.3570437477 -0.153729301 0.05309920339 0.07568915216 -0.09033887231 -0.04065353605 0.1038139631 -0.02554909384 -0.02750599235 0.1132487739;
 -0.3676234084 -0.1538994478 0.2889729912 0.06798560448 0.1468378708 -0.08430634289 -0.2142964381 0.1514289044 0.1321043746 -0.1561603144 0.1140029861;
 0.06602699881 0.05261698711 0.0661288485 0.1475169723 0.07191778161 0.3010307812 0.3047676596 -0.08013453139 -0.09597241226 0.1000988204 -0.1486360121;
 0.01780120427 0.07732902794 0.1485696191 0.065226189 0.4885956658 -0.00558155167 0.1879776098 -0.08185355511 0.1149117006 0.2002297137 -0.2228830556;
 0.02070250382 -0.09394867365 -0.08039521492 0.3088196656 -0.002499192351 -0.7715897905 -0.1997117128 0.05189474669 0.20409007 0.1488762282 -0.2507989079;
 0.03714401278 -0.03805705892 -0.2137961611 0.3040746309 0.1846597867 -0.193300184 -0.2004054894 0.07172662183 0.1875367796 0.05604289616 0.1670915124;
 0.198337494 0.1043264529 0.1544940606 -0.0846328295 -0.07733875614 0.05543830208 0.07457781368 -0.1918014845 -0.07562144757 0.2016432563 -0.08436024689;
 -0.1933984779 -0.02318657053 0.1276801816 -0.09958052219 0.1198077915 0.2030238862 0.1899772904 -0.06897801475 -0.05137871951 -0.1907786375 -0.02368626565;
 -0.03554608269 -0.02651162803 -0.1550008872 0.1038895344 0.195715709 0.1403965146 0.05554174441 0.1973875658 -0.1840214697 0.03272945437 0.04560457601;
 0.3318181067 0.1137487236 0.1113339057 -0.1525198095 -0.2158891431 -0.2473287304 0.1650977729 -0.07809144828 -0.0285395519 0.0384569012 -0.06584565567];
G(4,:,:)=[ -1.796005422 -0.7218690241 1.628531303 0.1626505328 -0.06857500819 0.03875470528 -0.1253927477 -0.2299682121 0.200286219 -0.113037103 -0.2486861952;
 -0.7221301803 -0.2852320587 0.6967677284 0.05455158498 -0.07141319577 0.1372479181 0.002359359442 -0.08061034309 0.01693469294 -0.02983907725 -0.07961329269;
 1.626039791 0.6969368399 -0.2533470454 0.02879537798 -0.1720383012 -0.06103067402 0.2239641647 -0.08949811385 -0.1892703433 0.2094639956 0.01931288567;
 0.1638592627 0.05492504939 0.02920903975 -0.3573697048 -0.1678518555 -0.4212089881 -0.2783394705 0.2259589659 0.1824100015 -0.2375612703 0.1128085317;
 -0.07010920886 -0.07457384164 -0.1804365871 -0.159828163 -0.4278588866 0.03431477606 0.03768090843 0.299559737 0.1142154589 -0.4224728448 0.4552193459;
 0.0439234886 0.1417187275 -0.07531133371 -0.4375185022 0.04339844534 0.7922530202 0.285798745 -0.01113580198 -0.2267699227 -0.443648782 0.227645999;
 -0.1372707593 -0.003102036527 0.2236596331 -0.2779010638 0.04366365237 0.2816461002 0.2723684632 0.1272701969 -0.01631893341 0.04952654174 -0.04093085369;
 -0.2213826837 -0.07927231357 -0.09737914841 0.2262717138 0.2870046341 -0.02944585503 0.1242648388 0.007248826947 0.2635396067 -0.3813841215 0.2859540608;
 0.1954401601 0.01444171026 -0.1821421205 0.1838763684 0.1085568716 -0.2245434741 -0.01575754151 0.251607094 -0.02185324438 0.4912997748 0.1789204012;
 -0.1234241897 -0.03290782342 0.2063744076 -0.2387478364 -0.4094650042 -0.4274573241 0.04628471108 -0.3684038631 0.4803299908 -0.3275341912 0.1412685488;
 -0.2530394565 -0.08103690729 0.02164164325 0.1091104785 0.4540431197 0.226173943 -0.03132153168 0.2757987255 0.1859548038 0.1566136839 0.6075522017];
